20130101	9.833622
20130102	9.864654
20130103	10.532404
20130104	10.861567
20130105	10.696249
20130106	10.317287
20130107	10.849737
20130108	10.973212
20130109	10.706123
20130110	10.022302
20130111	10.048273
20130112	10.33559
20130113	10.113894
20130114	10.010431
20130115	10.034415
20130116	10.124924
20130117	11.240611
20130118	12.010286
20130119	12.590575
20130120	13.289927
20130121	12.12624
20130122	11.595728
20130123	11.086273
20130124	10.808288
20130125	9.4369
20130126	9.590427
20130127	9.762609
20130128	9.597092
20130129	9.573029
20130130	10.981432
20130131	11.487722
20130201	11.354608
20130202	11.322279
20130203	10.937211
20130204	10.8477
20130205	11.141798
20130206	11.261354
20130207	11.080815
20130208	10.144544
20130209	10.149678
20130210	10.525765
20130211	11.030518
20130212	10.064383
20130213	10.006114
20130214	10.892605
20130215	10.74414
20130215	12.415476
20130216	11.909812
20130217	11.675
20130218	12.100633
20130219	12.302196
20130220	10.508983
20130221	9.747472
20130222	9.920433
20130223	9.854472
20130224	10.793275
20130225	11.2762575
20130226	10.732215
20130227	10.297864
20130228	9.798344
20130301	9.896412
20130302	10.737181
20130303	10.950342
20130304	11.840887
20130305	12.315861
20130306	11.014873
20130307	11.0648
20130308	11.621531
20130309	11.602698
20130310	12.432515
20130311	12.003189
20130312	12.023791
20130313	12.656503
20130314	13.243533
20130315	13.6339655
20130316	12.880651
20130317	11.492497
20130318	11.556819
20130319	11.998022
20130320	11.950887
20130321	11.394838
20130322	11.2871475
20130323	11.296142
20130324	11.526896
20130325	11.649065
20130326	11.66321
20130327	12.620007
20130328	13.00634
20130329	13.318344
20130330	13.395384
20130331	12.8461
20130401	12.633511
20130402	10.675339
20130402	13.21484
20130403	12.051797
20130404	11.906943
20130405	11.98879
20130406	12.42599
20130407	12.406999
20130408	12.024955
20130409	12.32157
20130410	12.1674
20130411	11.496288
20130412	11.543317
20130413	11.538039
20130414	11.835527
20130415	11.301751
20130416	10.706605
20130417	11.042118
20130418	12.021267
20130419	12.129825
20130420	12.545508
20130421	13.018367
20130422	13.356203
20130423	13.457573
20130424	13.432355
20130425	13.934299
20130426	14.522275
20130427	14.013595
20130428	13.262389
20130429	12.954006
20130430	12.642993
20130501	13.643636
20130502	13.77554
20130503	13.548747
20130504	13.222614
20130505	13.177932
20130506	13.509282
20130507	13.607641
20130508	13.701658
20130509	13.383876
20130510	13.127219
20130511	12.998533
20130512	13.29322
20130513	13.888676
20130514	14.41901
20130515	14.4988985
20130516	13.215117
20130517	12.492297
20130518	11.903694
20130519	11.732009
20130519	11.41801
20130520	11.756693
20130521	11.964608
20130522	11.742896
20130523	11.804029
20130524	12.640075
20130525	12.786825
20130526	12.649048
20130527	12.605711
20130528	11.937631
20130529	11.506927
20130530	11.516285
20130531	12.04357
20130601	12.541031
20130602	12.518789
20130603	12.585026
20130604	13.228346
20130605	12.918849
20130606	12.553207
20130607	12.069235
20130608	12.454977
20130609	12.998566
20130610	12.76353
20130611	12.3823
20130612	12.373132
20130613	12.533645
20130614	12.643695
20130615	13.577463
20130616	13.287245
20130617	13.097438
20130618	12.827147
20130619	12.550636
20130620	12.780359
20130621	12.735755
20130622	12.740825
20130623	12.475702
20130624	11.469672
20130625	11.341448
20130626	12.081398
20130627	12.802866
20130628	12.867694
20130629	12.733386
20130630	12.889025
20130701	12.697061
20130702	12.561711
20130703	12.697022
20130704	12.446526
20130705	11.9441805
20130706	12.253387
20130706	13.857145
20130707	12.430243
20130708	12.446988
20130709	12.662839
20130710	12.64597
20130711	12.315252
20130712	12.580096
20130713	12.936045
20130714	12.708823
20130715	12.446001
20130716	12.139927
20130717	12.3544655
20130718	12.588337
20130719	12.594401
20130720	12.640469
20130721	12.590101
20130722	12.553513
20130723	12.59408
20130724	12.541784
20130725	12.924958
20130726	12.8709545
20130727	12.352234
20130728	11.951445
20130729	12.011702
20130730	12.333279
20130731	12.324928
20130801	12.087366
20130802	12.373839
20130803	12.477384
20130804	12.756097
20130805	12.990346
20130806	12.771896
20130807	12.450611
20130808	11.959327
20130809	11.819272
20130810	12.381231
20130811	12.898452
20130812	12.676431
20130813	12.976252
20130814	13.18608
20130815	13.398305
20130816	13.466659
20130817	13.054074
20130818	13.055828
20130819	12.867157
20130820	13.107657
20130821	13.306693
20130822	12.960181
20130823	12.6489525
20130824	11.6970215
20130824	13.484152
20130825	12.891456
20130826	12.4143505
20130827	12.709528
20130828	12.7692995
20130829	12.541595
20130830	12.829599
20130831	13.226831
20130901	12.965996
20130902	12.240835
20130903	12.585936
20130904	13.508416
20130905	13.557745
20130906	13.6395645
20130907	13.354881
20130908	12.802811
20130909	12.573945
20130910	12.419698
20130911	12.272345
20130912	12.30552
20130913	12.230804
20130914	12.161199
20130915	12.576758
20130916	11.977129
20130917	11.609277
20130918	11.729382
20130919	12.652555
20130920	12.923992
20130921	12.321252
20130922	11.760348
20130923	12.216359
20130924	12.554703
20130925	12.261429
20130926	11.848774
20130927	12.212971
20130928	12.60453
20130929	12.311401
20130930	12.240326
20131001	12.580506
20131002	12.597144
20131003	11.806639
20131004	11.396753
20131005	12.190714
20131006	12.885838
20131007	13.162445
20131008	13.063589
20131009	12.799289
20131010	12.362172
20131011	12.350989
20131011	12.090847
20131012	12.318764
20131013	11.603348
20131014	11.155566
20131015	11.393891
20131016	11.139512
20131017	11.023647
20131018	11.992891
20131019	12.384227
20131020	12.577771
20131021	12.774188
20131022	12.555522
20131023	12.260497
20131024	12.081052
20131025	12.5735655
20131026	13.134967
20131027	12.779125
20131028	11.407245
20131029	10.438397
20131030	10.214479
20131031	10.422221
20131101	10.989381
20131102	11.982476
20131103	11.48659
20131104	10.846959
20131105	10.223752
20131106	10.953557
20131107	11.456777
20131108	11.1757965
20131109	11.56007
20131110	11.645575
20131111	12.275719
20131112	12.3820715
20131113	11.72034
20131114	11.954841
20131115	11.518031
20131116	10.0443945
20131117	10.078896
20131118	11.311703
20131119	10.778365
20131120	10.478541
20131121	10.449762
20131122	9.833964
20131123	9.686453
20131124	10.128758
20131125	9.943831
20131126	10.076264
20131127	10.646658
20131128	10.283976
20131128	11.522382
20131129	11.422894
20131130	11.499091
20131201	10.7862
20131202	10.482438
20131203	10.489921
20131204	10.020703
20131205	10.729037
20131206	9.44934
20131207	9.243092
20131208	9.08552
20131209	9.585337
20131210	10.47008
20131211	11.4697275
20131212	11.285411
20131213	10.680073
20131214	10.182115
20131215	10.529441
20131216	11.379312
20131217	12.66491
20131218	12.31928
20131219	11.892589
20131220	10.451055
20131221	8.59213
20131222	8.882739
20131223	10.324743
20131224	11.274197
20131225	11.517191
20131226	10.9290285
20131227	11.618023
20131228	12.231856
20131229	11.734813
20131230	10.731468
20131231	10.055721
