20130101	7.7
20130102	6.2
20130103	4.4
20130104	3.9
20130105	5.6
20130106	7.8
20130107	7.2000003
20130108	8.900001
20130109	9.400001
20130110	8.3
20130111	7.8
20130112	8.3
20130113	10.0
20130114	13.3
20130115	3.3
20130116	2.8
20130117	6.1
20130118	5.6000004
20130119	11.700001
20130120	12.8
20130121	3.3
20130122	10.6
20130123	11.7
20130124	11.1
20130125	10.6
20130126	9.400001
20130127	8.3
20130128	3.9
20130129	9.400001
20130130	15.0
20130131	17.2
20130201	4.4
20130202	7.2000003
20130203	4.4
20130204	5.0
20130205	2.2
20130206	5.6000004
20130207	3.3
20130208	3.9
20130209	6.1
20130210	10.0
20130211	7.2000003
20130212	6.7000003
20130213	6.7000003
20130214	7.8
20130215	12.8
20130216	5.6
20130217	7.8
20130218	10.0
20130219	9.400001
20130220	7.2
20130221	5.5
20130222	7.2
20130223	5.6
20130224	8.3
20130225	7.2000003
20130226	6.7000003
20130227	8.3
20130228	10.6
20130301	7.2000003
20130302	5.0
20130303	6.1000004
20130304	8.4
20130305	10.000001
20130306	5.6
20130307	3.3
20130308	6.2
20130309	12.8
20130310	10.0
20130311	12.2
20130312	13.900001
20130313	11.1
20130314	6.7
20130315	9.400001
20130316	5.0
20130317	5.0
20130318	3.9
20130319	6.1
20130320	7.2000003
20130321	5.5
20130322	7.2
20130323	7.8
20130324	8.3
20130325	4.4
20130326	11.7
20130327	11.7
20130328	10.6
20130329	12.8
20130330	15.0
20130331	12.2
20130401	16.7
20130402	6.1
20130403	7.8
20130404	11.7
20130405	17.800001
20130406	11.1
20130407	12.8
20130408	22.800001
20130409	27.800001
20130410	23.300001
20130411	15.6
20130412	8.3
20130413	14.400001
20130414	13.900001
20130415	15.0
20130416	17.2
20130417	21.7
20130418	15.0
20130419	21.7
20130420	15.6
20130421	12.8
20130422	12.8
20130423	11.7
20130424	20.6
20130425	18.9
20130426	19.4
20130427	21.7
20130428	20.6
20130429	13.900001
20130430	20.0
20130501	20.6
20130502	22.2
20130503	18.9
20130504	20.6
20130505	17.800001
20130506	20.6
20130507	23.300001
20130508	17.2
20130509	20.0
20130510	26.1
20130511	21.1
20130512	21.1
20130513	14.400001
20130514	16.1
20130515	20.6
20130516	26.1
20130517	22.2
20130518	18.300001
20130519	15.0
20130520	26.1
20130521	30.0
20130522	25.6
20130523	26.7
20130524	18.300001
20130525	12.2
20130526	18.9
20130527	22.800001
20130528	20.0
20130529	27.800001
20130530	32.2
20130531	32.2
20130601	32.2
20130602	31.1
20130603	25.6
20130604	23.9
20130605	23.300001
20130606	21.1
20130607	17.2
20130608	25.0
20130609	26.7
20130610	21.1
20130611	26.7
20130612	24.4
20130613	20.6
20130614	22.2
20130615	26.7
20130616	26.7
20130617	28.9
20130618	28.9
20130619	25.0
20130620	26.7
20130621	27.800001
20130622	28.9
20130623	31.1
20130624	33.3
20130625	32.8
20130626	29.4
20130627	30.0
20130628	29.4
20130629	28.300001
20130630	30.0
20130701	25.0
20130702	27.800001
20130703	28.300001
20130704	30.6
20130705	32.2
20130706	33.3
20130707	33.3
20130708	31.7
20130709	31.1
20130710	29.4
20130711	28.9
20130712	25.0
20130713	27.2
20130714	32.2
20130715	34.4
20130716	34.4
20130717	36.100002
20130718	36.7
20130719	35.600002
20130720	33.9
20130721	31.7
20130722	30.0
20130723	30.6
20130724	28.300001
20130725	20.0
20130726	28.300001
20130727	27.800001
20130728	25.6
20130729	29.4
20130730	28.300001
20130731	28.300001
20130801	24.4
20130802	28.300001
20130803	25.6
20130804	26.7
20130805	25.6
20130806	27.800001
20130807	26.7
20130808	27.2
20130809	29.4
20130810	28.300001
20130811	27.2
20130812	27.800001
20130813	25.0
20130814	23.300001
20130815	25.6
20130816	27.800001
20130817	28.9
20130818	24.4
20130819	26.1
20130820	31.1
20130821	32.2
20130822	25.6
20130823	27.800001
20130824	26.7
20130825	28.300001
20130826	28.9
20130827	30.6
20130828	30.0
20130829	26.7
20130830	29.4
20130831	30.0
20130901	28.9
20130902	27.800001
20130903	27.800001
20130904	27.800001
20130905	26.7
20130906	22.2
20130907	26.7
20130908	28.300001
20130909	22.800001
20130910	30.6
20130911	35.600002
20130912	30.6
20130913	25.0
20130914	19.4
20130915	22.800001
20130916	22.800001
20130917	18.300001
20130918	22.2
20130919	25.6
20130920	26.1
20130921	25.0
20130922	20.6
20130923	18.9
20130924	22.800001
20130925	22.800001
20130926	21.7
20130927	20.6
20130928	22.800001
20130929	22.2
20130930	23.9
20131001	27.800001
20131002	28.300001
20131003	25.6
20131004	30.0
20131005	24.4
20131006	21.1
20131007	24.4
20131008	19.4
20131009	16.7
20131010	18.300001
20131011	20.0
20131012	22.2
20131013	18.300001
20131014	18.9
20131015	22.2
20131016	19.4
20131017	22.800001
20131018	20.0
20131019	17.800001
20131020	17.2
20131021	18.9
20131022	19.4
20131023	12.8
20131024	12.2
20131025	11.7
20131026	12.8
20131027	14.400001
20131028	16.1
20131029	13.3
20131030	15.6
20131031	18.9
20131101	21.1
20131102	20.0
20131103	12.8
20131104	7.8
20131105	12.8
20131106	16.1
20131107	17.800001
20131108	10.0
20131109	10.0
20131110	16.1
20131111	11.7
20131112	11.6
20131113	5.5
20131114	11.1
20131115	13.900001
20131116	15.6
20131117	15.6
20131118	18.300001
20131119	10.6
20131120	6.7000003
20131121	11.1
20131122	13.900001
20131123	12.7
20131124	4.9
20131125	6.6000004
20131126	8.3
20131127	16.7
20131128	2.7
20131129	5.5
20131130	7.7
20131201	9.400001
20131202	9.400001
20131203	11.7
20131204	11.1
20131205	15.6
20131206	16.7
20131207	5.0
20131208	2.2
20131209	4.4
20131210	3.8
20131211	3.3000002
20131212	4.9
20131213	6.6000004
20131214	6.6
20131215	5.4
20131216	4.4
20131217	4.3
20131218	7.7
20131219	9.3
20131220	11.7
20131221	18.300001
20131222	21.7
20131223	17.800001
20131224	8.8
20131225	7.1
20131226	3.2
20131227	4.9
20131228	12.8
20131229	8.900001
20131230	12.1
20131231	6.0
