20130101	7.7
20130102	6.2
20130103	4.4
20130104	3.9
20130105	5.6
20130106	6.7000003
20130107	4.4000006
20130108	7.200001
20130109	5.5000005
20130110	3.9
20130111	5.0
20130112	2.7000003
20130113	3.9
20130114	10.0
20130115	1.5999999
20130116	2.8
20130117	4.3999996
20130118	5.6000004
20130119	11.700001
20130120	12.8
20130121	3.3
20130122	7.8
20130123	4.9999995
20130124	5.5000005
20130125	6.2000003
20130126	6.6000004
20130127	8.3
20130128	3.9
20130129	7.200001
20130130	11.1
20130131	17.2
20130201	3.8000002
20130202	5.5
20130203	3.3000002
20130204	3.9
20130205	2.2
20130206	5.6000004
20130207	3.3
20130208	3.9
20130209	6.1
20130210	10.0
20130211	6.1000004
20130212	4.5
20130213	6.1000004
20130214	7.2000003
20130215	10.0
20130216	5.6
20130217	7.8
20130218	10.0
20130219	8.8
20130220	7.2
20130221	5.5
20130222	7.2
20130223	3.3999999
20130224	7.2000003
20130225	7.2000003
20130226	5.0
20130227	6.1000004
20130228	6.7000003
20130301	5.0
20130302	5.0
20130303	6.1000004
20130304	8.4
20130305	10.000001
20130306	2.3
20130307	2.6999998
20130308	6.2
20130309	11.1
20130310	7.8
20130311	7.7999997
20130312	7.8000007
20130313	7.8
20130314	6.7
20130315	9.400001
20130316	5.0
20130317	5.0
20130318	3.9
20130319	5.5
20130320	7.2000003
20130321	5.5
20130322	7.2
20130323	7.8
20130324	7.7000003
20130325	2.2
20130326	8.9
20130327	9.5
20130328	7.8
20130329	8.4
20130330	10.6
20130331	5.4999995
20130401	13.900001
20130402	5.5
20130403	7.2000003
20130404	11.099999
20130405	12.800001
20130406	9.400001
20130407	8.4
20130408	12.200001
20130409	17.2
20130410	10.500001
20130411	7.3
20130412	3.3000002
20130413	9.400001
20130414	6.1000004
20130415	8.299999
20130416	8.900001
20130417	8.900001
20130418	4.3999996
20130419	8.900001
20130420	9.5
20130421	10.0
20130422	7.8
20130423	6.7
20130424	13.9
20130425	11.099999
20130426	9.4
20130427	12.8
20130428	10.0
20130429	2.8000002
20130430	9.4
20130501	12.3
20130502	12.8
20130503	9.499999
20130504	11.7
20130505	10.000001
20130506	12.8
20130507	12.200001
20130508	4.4000006
20130509	7.8
20130510	11.1
20130511	5.0
20130512	10.5
20130513	7.2000003
20130514	10.5
20130515	9.5
20130516	9.4
20130517	7.8
20130518	5.000001
20130519	2.1999998
20130520	11.7
20130521	10.0
20130522	10.6
20130523	8.9
20130524	11.1
20130525	4.9999995
20130526	9.999999
20130527	12.200001
20130528	6.7
20130529	13.400001
20130530	10.0
20130531	8.300001
20130601	9.4
20130602	10.5
20130603	6.700001
20130604	9.999999
20130605	8.900001
20130606	6.1000004
20130607	2.2000008
20130608	11.099999
20130609	9.5
20130610	4.3999996
20130611	8.9
20130612	6.0999985
20130613	7.8
20130614	10.500001
20130615	10.6
20130616	8.4
20130617	8.299999
20130618	11.099998
20130619	10.0
20130620	10.0
20130621	10.0
20130622	10.599998
20130623	10.0
20130624	9.999998
20130625	9.999998
20130626	6.0999985
20130627	7.199999
20130628	6.5999985
20130629	6.6000004
20130630	7.199999
20130701	2.7999992
20130702	5.6000004
20130703	5.5
20130704	6.700001
20130705	7.800001
20130706	7.699999
20130707	7.699999
20130708	8.9
20130709	7.799999
20130710	5.5
20130711	4.5
20130712	5.0
20130713	7.800001
20130714	8.9
20130715	8.800001
20130716	9.400002
20130717	10.000002
20130718	9.5
20130719	7.300001
20130720	6.700001
20130721	7.300001
20130722	6.1000004
20130723	7.799999
20130724	8.300001
20130725	2.1999989
20130726	10.0
20130727	6.700001
20130728	4.5
20130729	8.799999
20130730	8.900002
20130731	8.900002
20130801	5.5
20130802	8.900002
20130803	5.6000004
20130804	7.800001
20130805	8.9
20130806	10.0
20130807	5.6000004
20130808	6.1000004
20130809	6.0999985
20130810	7.200001
20130811	8.9
20130812	6.700001
20130813	5.0
20130814	7.200001
20130815	10.6
20130816	10.0
20130817	11.099998
20130818	4.3999996
20130819	7.200001
20130820	11.1
20130821	10.0
20130822	3.8999996
20130823	6.1000004
20130824	8.4
20130825	10.5
20130826	8.9
20130827	8.9
20130828	8.299999
20130829	5.0
20130830	8.299999
20130831	7.199999
20130901	5.0
20130902	4.5
20130903	7.800001
20130904	9.5
20130905	8.9
20130906	8.3
20130907	11.700001
20130908	10.5
20130909	8.900001
20130910	10.6
20130911	10.600002
20130912	9.5
20130913	10.0
20130914	7.2
20130915	12.200001
20130916	9.500001
20130917	8.300001
20130918	11.6
20130919	12.8
20130920	10.5
20130921	8.9
20130922	8.400001
20130923	8.9
20130924	14.500001
20130925	11.700001
20130926	7.3
20130927	6.7
20130928	9.500001
20130929	8.3
20130930	10.599999
20131001	12.800001
20131002	10.5
20131003	8.4
20131004	11.1
20131005	6.5999985
20131006	2.7999992
20131007	8.799999
20131008	7.2
20131009	5.000001
20131010	6.1000013
20131011	4.3999996
20131012	6.6000004
20131013	5.000001
20131014	7.799999
20131015	10.500001
20131016	6.0999994
20131017	6.700001
20131018	7.2
20131019	6.700001
20131020	7.200001
20131021	8.9
20131022	8.799999
20131023	5.6
20131024	7.2
20131025	7.2999997
20131026	7.8
20131027	6.6000004
20131028	10.0
20131029	6.6
20131030	7.3
20131031	7.2
20131101	6.1000004
20131102	7.2
20131103	10.0
20131104	6.1000004
20131105	7.8
20131106	6.7
20131107	11.1
20131108	5.6
20131109	6.7
20131110	9.4
20131111	5.6
20131112	11.6
20131113	5.5
20131114	10.5
20131115	7.2000003
20131116	8.4
20131117	5.0
20131118	7.700001
20131119	8.400001
20131120	6.7000003
20131121	9.400001
20131122	3.3000002
20131123	12.7
20131124	3.9
20131125	6.6000004
20131126	7.7000003
20131127	15.000001
20131128	2.7
20131129	5.5
20131130	7.7
20131201	7.200001
20131202	4.4000006
20131203	8.4
20131204	6.1000004
20131205	6.7
20131206	13.900001
20131207	5.0
20131208	2.2
20131209	4.4
20131210	3.8
20131211	3.3000002
20131212	3.9
20131213	6.6000004
20131214	6.6
20131215	5.4
20131216	4.4
20131217	4.3
20131218	7.7
20131219	9.3
20131220	6.7
20131221	7.700001
20131222	5.6000004
20131223	12.200001
20131224	8.8
20131225	6.6
20131226	3.2
20131227	4.9
20131228	10.6
20131229	3.9000006
20131230	12.1
20131231	6.0
